126.774439333468
125.498447726753
128.369217155169
129.192383511161
124.883678456885
129.169666295838
129.994305626117
128.670692741611
126.975751000713
124.835592001791
127.529729662107
125.900152130213
126.688441341579
126.148309646771
131.013085558934
126.99934982115
130.47168774272
130.780061162308
127.456011712844
125.976981431269
125.714329956693
130.492039711395
130.718932321143
128.677322789701
124.997109669024
131.154864522716
124.97819357202
130.664718230247
128.317231226645
126.317538784323
127.333540733197
130.516846476284
128.217472613103
126.132275578257
128.352754859883
130.655430900783
126.535306875535
124.821910265019
126.877089185516
131.182828824009
129.144907932069
129.359884669234
128.258370761585
130.548275940609
127.885290717104
125.424454958938
127.37404233439
126.007667822918
124.668594337532
127.212853320679
131.114978826535
126.287518204023
124.751698682148
125.860370030404
127.546717512894
124.674876210385
129.491505506535
130.930860787771
125.163150239522
126.699809070961
129.407906861646
126.2056717111
127.046694072711
128.591659178121
128.658912547748
129.908601844816
130.906652146615
131.372921551589
129.166214284056
131.527546597352
130.44767093549
131.049617138512
131.051650371315
131.223598054903
130.865598549561
130.106719612877
131.450919629144
124.97438906272
130.484190812364
131.48061889806
128.200184681348
126.404337417253
127.547546872611
131.037549614241
127.885639372312
129.074902115653
128.202937731597
126.566299813341
129.462088174547
128.037310975977
130.926167225888
125.906642417777
128.079395271978
125.367207931351
126.62610785709
130.464717025074
130.799367857245
126.776327514053
126.558542725203
130.816680894552
139.667862815552
130.556112635667
127.64831611344
133.516783882186
129.269204394531
129.644319553599
138.086689253918
138.29414442851
134.396591141308
140.224420573186
133.845538247781
127.64513002414
133.270779778888
138.125734389944
135.183257925472
132.698793126154
132.748722148034
139.805446594804
135.731225165932
140.374255954019
133.416548221995
136.000936644602
133.616670977483
139.982026199097
127.079543940888
136.628533995059
128.563061746233
128.784240753178
134.592666755045
134.717881901315
127.829872054339
134.610402230969
129.924622199039
131.007386507365
126.57771536628
135.021296496091
130.124792871863
137.738804863481
126.056937920467
135.604843627545
128.406965810951
123.421761609379
127.484730886515
125.953988799475
126.465048689219
132.883861707563
123.440835067332
126.676298605016
134.766791582508
125.443198135864
132.467511431357
128.488934652494
123.250493895303
127.475018634934
131.482592367705
128.756841391704
119.791183412
126.434019889196
124.250756220463
117.859724364226
117.282834745178
118.997544483057
122.745599503862
122.627825657157
129.879976250296
122.144312724241
122.857034079572
128.506649724484
121.381755866558
119.730873480917
125.776564427575
120.24075727425
127.360309857748
127.38571625683
119.092875023426
114.029136652072
114.258246651591
120.399394854082
125.105226806885
121.447781360918
120.493031621456
112.201179273563
125.135665436847
112.299607743429
115.224440151708
118.192276952671
119.339161239698
124.174862236579
122.998310900379
124.113713889908
121.168677334233
110.326715370376
117.358442087825
118.390156591661
117.408972931394
121.130406130598
108.89036890927
109.335846061708
115.999613830829
119.045160063216
99.0162421645921
98.1580412830535
98.9852348307749
99.3325391322765
99.0527780762165
97.8245019699378
98.7303772106588
99.2624363106133
99.5500016409384
96.7059292920445
99.1268145152468
99.1517797434008
94.3335874991149
97.0852024707588
98.1449649186936
97.2709486667439
95.4189349915877
93.9336534072443
94.1622108599204
93.7961608460849
95.3982537466058
95.3409264109385
93.8686676341781
94.3555476147748
92.924563058218
90.7737013684296
92.5969167364253
94.5267869293187
93.8195527551111
92.9718400172137
89.7823642302538
93.0756452446329
94.0667273993851
92.710430486038
91.5889770213522
90.7359549811892
91.0485892890453
88.707435134475
91.8796050021244
89.4224368541733
92.0276150082565
87.0269749584145
91.3243513287112
88.4748003450088
88.0737029914009
88.2422534529767
86.1627227804285
85.8544699584613
87.6832394329344
254.003090946607
89.4045788834515
83.7329187110122
87.7604474186709
87.660750610989
255.272037592827
87.3390608799519
86.2898291643209
83.3625640626369
83.0898338014051
253.786925544069
80.9537789723696
84.3596969671674
81.696405417413
81.2122568490048
258.283047008246
80.463752522772
77.7415644787181
78.8984027093497
77.7400068046851
254.125673913918
78.6704378442462
80.1450528504618
77.1826815361718
77.5417006113821
250.979469529857
78.6299910087517
77.5208886099804
77.1890221271995
76.958710189984
255.996516277788
49.964666433192
47.2934458807317
47.3619041075364
46.9884217302047
47.6301087569862
48.3411632975048
45.290365189502
44.1726917258235
44.6656984422534
45.8111893655227
43.5931863038996
45.5418870848948
43.4204312579176
46.0276415363688
42.6799138404377
45.237160549976
46.5641061660071
44.3232696064528
42.5418181732532
151.2951374261
81.1141640846016
83.3239912723314
83.464424167225
80.2985652796203
79.9874912983345
76.8036742487241
88.7243108530156
249.501388699964
78.8216822959491
150.666877224075
89.0920689874878
74.7358851008704
84.8666617126336
87.1851851852788
75.4319739350466
79.4209399641571
77.6766966768065
85.2200905451027
71.9935975687324
159.55374060848
74.8857093704334
72.69321239526
77.4094036931881
73.837773325603
80.0495288747906
78.5176266791423
75.1283756993885
74.2401919404759
70.4317640967649
152.277869369888
68.9838839753837
70.4209932457103
67.6689783774083
80.9011967917391
69.8055624915515
78.3607262815141
76.618556060187
68.2723389673277
79.0822611114204
150.938467598727
70.7316326601503
80.2307116116583
78.2243776175081
80.5473703423342
71.8620144057234
68.2235969579836
74.8443328569789
66.5090027405695
77.3010410122157
157.302808315204
63.8705708351721
69.4226297344592
77.220495986298
75.1549133302844
73.2652400594973
63.2566971723692
74.3082775920354
77.6021122552468
65.0341586982993
150.155759038685
63.4285815427539
70.6409409051756
63.6592452410407
75.1555372678939
76.0967040009158
72.2046823487747
69.9058917400113
73.6123567131502
64.905710772942
157.213362559316
62.706504711988
68.6972566131558
62.8389554754642
70.6700987848882
60.9863947950327
64.0629764561857
65.8003074432809
61.8661020445485
68.2820830789699
152.777515135186
67.965498274481
69.9760086443715
58.7128354131465
62.148894132969
61.5041578586155
60.7591966519333
69.0160383457524
69.4214812367378
70.6242143607247
60.4961861722122
62.6616672559325
67.7843946762826
63.9146554287338
62.0999159250071
67.3695094490206
60.9385391058496
65.4466265610805
66.3694795412026
59.1033126686782
227.92611619728
57.4053340175948
51.7908497444482
58.6279227331642
51.1491963202761
55.6205023124082
58.6756600738015
46.7598946524207
59.3565707079394
45.5964027460927
220.491190061047
58.7302590641897
54.1924927799418
54.5253550223199
50.2950403744178
46.8819550001814
45.2946109037524
46.6169034717169
50.1111930262748
55.4903118912305
224.420376354851
52.51599733338
54.5000141506915
56.2141386310512
46.45286658506
58.9142626667333
46.6421876494278
45.2473474246249
54.8082053030321
58.8499755662308
227.98183766662
46.5110478097083
45.229665876597
45.731336479723
51.1068006446663
55.261310816666
46.4351334313372
55.9431793393953
45.0230679720464
58.6224784815186
224.140446060102
48.9814080699869
55.6370025012433
55.8489487038527
47.3059487593538
57.3710425601461
55.3267144383943
58.6238043228191
59.2990416423107
48.5241305168052
222.699750898337
75.7855920660295
74.7577881102042
75.9534621044916
75.3228968343511
75.9144037302909
75.68666689294
75.2168386153354
75.1643492694357
76.2234194796586
227.072996984536
76.5594187850227
76.3755898945972
74.8520880675498
76.5859161118358
74.7930205034575
76.2659567032445
74.8144668012121
76.1976652036733
76.0791336473187
224.135398884652
74.584147276941
75.0108096287026
75.8285498259801
75.4394605398097
75.1127953010756
75.2186169444427
76.0974002444827
75.2801137454635
75.6934766374455
223.737418993419
74.9669072728915
75.6275742593311
75.3115089413283
76.4717980334226
76.6470653069207
75.3829528101658
75.3305404287301
76.2179118231188
76.037584293799
279.554278234523
75.0815058137862
74.8865881122089
74.6053273871096
76.3237167833261
76.2316440295835
76.4170832280345
75.9095895912678
76.2212868700381
75.7449096023357
180.531870920221
72.4865718870205
70.621204228916
74.3290415806487
77.5595253694663
72.4200422826772
68.9483897228633
65.8952214171224
63.5816301350263
65.1453575735906
71.5051185934653
79.1416691563872
66.1790351215023
79.0559841201537
66.0371013092834
73.3361280605474
76.9732747945496
71.9388876762056
72.6631950409011
74.9788558242067
184.590715225443
82.4460074169175
71.8954594051349
75.8861184414458
77.5360756929223
74.2907090216752
82.9127470027965
83.0671000656125
72.4383936516901
78.5229639132733
282.503271386314
83.0270692489828
78.4021824638606
76.9918006295067
84.1223694537826
77.3735574883307
78.3496800822683
80.6406343144452
74.2770487783791
82.1170053721746
77.1333030898816
73.4647780799753
83.9421558980424
80.2859534094874
78.2255545561845
82.4914422029377
85.9315684752237
79.793430515898
78.1510611746405
78.1720935766378
181.577411251354
80.28654606441
75.653514031577
184.543037409961
77.4845252656664
83.9681532614438
82.7459210052282
183.614747396569
81.1993679122169
84.5646133582135
181.54212164442
149.551804696165
76.9752895403679
84.4047177338201
86.0073645984153
179.61309797004
82.6370705729798
88.2450597674233
86.4269293898643
83.2425797741673
80.748380738393
89.2406592074344
76.7188136277465
89.7479575079972
77.174791681979
78.5785648881068
87.0438129909805
82.7431621051585
90.5692423724842
87.3454531159078
80.598352505682
79.2265436199529
82.7803479607378
91.491447648759
209.65912027517
78.8033393875903
149.534292658572
77.741207236193
85.3594996452595
79.7548771516239
79.2098129215413
88.4477409972393
86.2977988067956
91.0964495142893
79.1473601430806
91.2416923706602
80.1111093749571
79.2370091853784
81.4794065477108
89.1677160782025
309.68028805961
84.5076636876323
87.9541668885241
85.0356204470323
89.6481624457725
79.9551345608001
81.9272366607618
90.5451609275194
82.2590071554664
87.6420635022271
283.697898724558
78.5010159835645
81.9301176025066
83.8376147502506
89.5881343555714
81.6342413425012
80.8514084481418
87.6446844520639
90.9931247698413
80.2384559928651
279.628560748291
78.4444765454029
80.7063566406111
91.3853639613047
79.6858511816694
83.4425025896868
89.04472183727
84.0989553507868
81.933806220007
79.2033983678914
81.2777333145587
90.3488807029066
82.5311828268603
85.3204798712419
89.7785294558023
84.7285358145369
88.4226860538225
84.0530795299448
81.971625062299
89.0600653106794
139.640559233737
81.3575452130765
93.8959023450155
94.6459234422953
82.364085253997
83.2958370889148
94.0226280804079
94.6557249046608
96.1383141033694
95.5940526815554
179.638847278892
85.9097112923663
95.9763054828004
93.99392130308
94.5568973510182
95.2526476088096
93.6073136200025
85.6078872908324
90.0825054498076
92.9880319583883
179.583976403513
86.8596142354472
87.1745063303539
92.3672012014523
84.5397493088586
91.8888971613542
89.6822647208049
95.4413985213053
88.9560861865675
95.3422710330105
179.539038404059
87.1386406223218
91.4247769408449
94.0466738444819
86.5543774991489
96.1050360517506
99.2476403417499
98.0169641000046
86.5746963197392
97.9941874437704
179.698492149977
92.6139278020545
87.1686127161857
97.3941433690455
89.808690388299
100.501502986056
92.8627619588617
87.3307174167835
99.1088746247332
97.0345532750748
100.913901908857
92.5910049438433
102.013079524793
92.8294178248551
89.055266903671
91.8274337434629
90.2411428444247
94.4372300802932
91.2954626860901
102.325982526776
30.6893600274083
96.6239130439026
94.5629362592216
91.8078811999347
95.0007415454559
110.543313291626
111.229903859697
279.567852012048
109.269158583982
111.797774188522
33.6491583228614
93.0786180050726
102.89021207097
96.6386877146657
102.08420561922
111.129083806045
95.0142093211329
115.585722565412
99.485748081456
116.393278924236
35.2876647373717
115.461303271207
116.577766155033
109.5510067441
101.206236545975
115.987723595125
110.197233568766
103.863498696391
106.63426068693
112.066717426752
32.2894756638222
115.469806496136
104.457207389932
102.100720768
110.998617420593
110.921441810377
105.221873699661
116.152541376696
97.8762239808851
118.071704780891
31.6747528416573
120.191594083859
108.581128331491
115.200661059549
109.093135126361
99.7979340069363
117.005148490096
118.932649325016
111.053844569004
114.144576220386
35.9097018490418
101.454088328803
99.5357710049597
107.176547767463
117.442912671647
181.53780826449
117.957316917939
99.9344961297253
116.643961242371
115.720477601132
32.5859524920857
121.143227782095
121.330624911226
120.536868622002
112.217903891421
182.548296728754
109.809549831095
109.706691030388
121.007557982638
113.849548259085
32.2109606819642
103.637666572496
117.059936038484
107.360447133446
119.946047670702
179.534747809688
111.78573831725
119.66558159392
106.695852064153
110.21424891393
32.8790850005764
149.539380246812
105.458141098145
99.9317731274035
115.706062272448
103.134987708272
122.247813205064
112.576789181207
109.247995227714
110.997614945275
104.510530384556
105.341702334107
109.335544587633
109.605825821626
106.674149450439
117.93245669142
105.95194085428
114.699141985935
123.025169897935
114.288153689639
31.4363680813984
102.348970064635
103.869491813131
103.060279860096
105.169880271714
104.739370826462
104.890243098303
104.260488042121
105.773439271848
106.470832724657
34.5926451965448
106.313837600335
104.742557160289
107.230930365065
105.079787046631
105.829540011064
105.189758615813
108.470624530375
107.845802018534
105.178094146012
30.1820452338029
108.915826502298
106.20093269575
105.868366580942
109.594276310859
107.448695997211
109.758969195098
108.19727729071
110.181854931269
110.741617155335
25.1382537876198
109.472307391666
110.41408286129
110.46237764604
112.584918212512
110.006721906729
109.543405432167
113.461884715068
114.214050136397
113.02300114141
25.6650416582022
112.801125049898
112.988938012685
112.083678195571
112.925768557588
111.141687262879
112.22922774964
115.391525294957
115.089618745035
111.283149547769
33.4563215833894
115.507034656861
114.960595616556
114.297525080626
112.196782712885
115.427360051413
112.018002040925
113.076143181202
111.683798683687
113.300577392064
113.559257054807
114.7570120306
114.628100375918
112.50956232058
115.649213141057
112.337942328876
115.579777222698
114.161546454222
113.233999188381
117.238079259482
116.310503651493
115.706219462733
113.151691761813
115.897861474573
114.694566330731
113.807339290884
115.117879970473
116.265991556561
112.958066876914
113.15763484795
319.511369061403
115.492712730713
113.192984694868
116.77425025197
112.901028234225
116.147992844759
112.937503464239
115.315617571984
115.348903584062
114.990095603007
116.783953702011
117.268902525345
117.336016793753
115.350809295407
116.757731821081
113.68306473554
112.900907514606
113.984920194372
114.742070140463
117.338913852449
114.172001388379
112.043886576678
116.339491195726
113.453331518039
121.81221192564
125.092179806006
123.988504347448
125.394800752736
116.499475476419
118.245793190337
112.35232187182
120.571519809116
122.500022059348
121.683689973374
109.813458005097
113.103376604262
116.652705652718
120.538327294651
117.841750753463
116.708107647971
113.929915482792
114.561150128907
112.08049336358
113.248298661879
111.665738354624
116.660555773307
115.503792872634
120.777781272712
115.479105298154
111.89319250527
107.265437410306
107.211707216855
111.912923288438
116.463780240506
119.461412059213
105.848866879995
113.071049938057
117.127248169405
107.926960100891
118.922734339227
105.891705164564
116.085833427925
104.039713475017
114.939704938214
111.105157988436
109.074409749032
111.971146622958
106.477667471649
114.557914067593
116.008437590946
179.587323846205
115.692813389643
104.272699629618
107.273324328144
104.181494385142
102.613377186977
117.092032072618
105.975917080337
102.768259824077
110.013224771938
115.56495644129
105.594739284779
110.96868172796
115.176404955576
114.328866577208
108.383491076705
111.076438469641
102.471826699784
108.322996515103
113.295456797825
109.751426288101
109.485437924111
109.624827650026
104.224244272558
102.317860123095
101.230393975147
102.113196555686
104.006087169559
110.307579982534
112.492385743781
111.670013607839
319.679109878692
110.93006457372
110.244168094377
149.539895149476
109.13862229282
109.110056214854
111.372155615199
98.4280485448495
103.928784338105
98.6819246325241
111.048547507021
98.9758933111989
98.8749737156689
98.1643276882715
95.6141707839018
103.216287420378
100.890508813677
101.323469162686
103.613821991725
24.7098361512396
105.661932657505
114.917278219533
95.3110840820935
112.255591168969
21.9453528742917
95.3146757766804
179.646195404982
112.972442857938
115.009342822418
28.2027150052365
107.822269118633
114.061967715312
105.607058761272
96.0926565020253
22.0590953307951
99.8644665401629
104.282811958776
101.801983364469
94.1165074648667
20.5533663116065
115.089952036021
110.632989959408
99.4459024885419
107.496123974055
25.5998093740633
111.133607212572
96.4601890500511
98.5146881700655
93.9945378685932
27.3511352957443
113.532318089169
110.51937477508
102.029757204212
91.0989972694472
27.9650027271124
96.3668669197678
103.085990887973
98.9587270471038
105.929003436287
29.3619531774777
102.372834542764
106.798390081441
97.2008882029208
95.0331228265542
24.1888204226587
97.579053739704
93.5599688413749
101.464162448179
104.543460811389
284.317966315136
109.202808339694
97.310693285213
105.235644026585
106.581691254084
91.2910066941058
110.265371097453
87.9752362824924
102.888867651478
107.707830755867
281.111157062124
107.195378114252
94.1168069900378
90.8607224734089
98.3374196261869
94.6834480351732
94.44654636909
90.9416707641264
102.381265507118
99.6879345985994
284.277568449367
113.62487360701
107.566619069527
98.8364954073653
92.6799251197521
109.132107155125
109.087068638018
106.593626678853
95.5124586606055
102.877443974196
289.632796471037
114.427786035464
115.800628824957
93.154901334436
115.173243874422
115.618524278795
111.313604717225
107.230834194207
97.1762781336422
113.75497316493
288.299434083582
100.280842452426
106.89027332428
100.92244722163
109.332725161217
111.585789170468
118.50231876783
104.659209970079
114.880270951551
109.580195860205
289.354837512289
98.2196782649796
96.9286888432661
98.3110746682933
95.6900353599311
95.0716852358728
95.0977417600118
98.3667358414406
94.0140213087711
95.4205871641785
286.626492126578
94.8173585865097
94.9674129606696
99.4574958050677
96.2385246784441
96.5790505093888
96.6111456903534
98.2792128540234
95.5026993773427
95.3187235792297
286.53487938759
97.229911472513
96.046085093601
97.3782809892447
96.1683733862116
98.118983047356
98.7484045667004
97.7748898759661
100.309679945204
98.5330203145375
281.674578259626
99.1241634491502
98.6509818051005
96.8218463284109
98.3789784653887
97.1767609755804
97.8216583255069
100.559118907671
99.1980423550952
100.103135876539
280.46424641846
101.853602699132
100.521887899634
100.11472603018
146.627166493258
179.621378527496
