122.322534638158
122.493425852679
122.475224204793
122.461953986862
122.331312530671
122.374659535962
122.369724604523
122.375004766565
122.425619857159
122.383909144348
122.316074891999
122.311666976351
122.287800743636
122.377282852467
122.323868239527
122.357977302214
122.411275645195
122.439620374881
122.298720362182
122.363477180569
122.40300826662
122.295856010518
122.346921577097
122.249361805315
122.26910063662
122.312971878448
122.246642379105
122.328565988002
122.2265148342
122.316706131897
122.289720321254
122.346997469399
122.315606708176
122.208567157059
122.326072174219
122.329297325418
122.204561478254
122.238368727099
122.26078806696
122.295852944016
122.329906369623
122.280584345955
122.243139070738
122.191229411048
122.324466824641
122.188025615377
122.211389115535
122.220843516956
122.23347542241
122.159342066969
122.298773999833
122.314895425042
122.238999907641
122.242706029275
122.226331741313
122.336027847156
122.165872066599
122.239219805131
122.245993848128
122.315664385038
122.24814237162
122.306736934571
122.335656401665
122.181654273194
122.346436380314
122.24877771258
122.252625987247
122.255630448597
122.180339828983
122.335020302443
122.316246148604
122.339218262447
122.275022473431
122.329893766976
122.349210358186
122.236186971421
122.272435374997
122.409523339761
122.261172176698
122.436949279913
122.441253547229
122.32917766691
122.347286947296
122.469297693721
122.525640960451
122.557625988231
122.4639555806
122.490787977618
122.62738668015
122.515668391638
122.658623320144
122.598222456401
122.769513456036
122.684605398611
122.737705165139
122.713826534406
122.726180214758
122.778270591555
122.963291872343
122.927479287028
122.998724488539
122.951676746634
122.935197253756
123.107051860171
123.067658948159
123.205053016458
123.088085766576
123.112576970973
123.123058157666
123.166787979086
123.251507390549
123.176582446652
123.241783126022
123.331201596767
123.288637921265
123.379298959354
123.250390305528
123.326607441279
123.261133770283
123.235939282986
123.317835542104
123.21560637247
123.270628477173
123.07169483471
123.074856494065
123.101628133098
122.840977808325
122.857674375027
122.703789744006
122.490665590466
122.465801005244
122.292004782577
122.161707838277
121.890837724029
121.740864659965
121.781202265434
121.53385409928
121.409511246879
121.206869644819
121.137268015153
120.825483126586
120.486211346177
120.329595334052
120.185944545414
120.078062070366
119.686318718126
119.438693523003
119.093244155718
118.782163883118
118.49852407482
118.172761451278
117.834119381703
117.508513475431
117.135930350708
116.836754674863
116.53441041081
116.13095701287
115.689266359889
115.575868956514
115.305890139319
114.948802866143
114.515917485322
114.261154155643
113.898207766383
113.759206931276
113.539692551451
113.142098228388
113.076079982917
112.743620626046
112.605812711446
112.380634622256
111.953542878612
111.739493743168
111.54032185899
111.48882234946
111.18079985939
110.814367419149
110.541677283108
110.26359256632
110.107453366716
109.912954016256
109.552759312464
109.421255703279
109.035861484072
109.107368133091
108.788367873245
108.477054918742
108.392327671433
108.155847523715
107.99881266196
107.713441179499
107.46263004069
107.468215510512
107.040171634299
107.069651098726
106.895626048261
106.647229478995
106.485058727715
106.136765920963
105.995718612321
105.737750219131
105.525126645479
105.261476219523
104.976846618549
104.912088850485
104.617055531733
104.401634124991
104.13705327211
103.992522954042
103.662114264032
103.557703901148
103.133532264055
102.998445157649
102.531012380815
102.320707211761
102.223052855592
101.891997906607
101.708287535059
101.469149280544
101.163480900784
101.120485870746
100.805548406014
100.514361677242
100.194186348622
99.99723065165
99.7884876890537
99.6238196220769
99.31473512413
99.1584868290396
99.1058379135448
98.8900519018895
98.3827255705479
98.296889575953
97.9262437440053
97.6862820690663
97.510085579357
97.1511343007785
97.0352102571967
96.8309565382027
96.5505321393227
96.2858938013184
95.8462175740718
95.6051125229335
95.1615791877092
95.0699581866179
94.8579702086668
94.1804079275022
94.0331566051774
93.4980047660716
93.281930761598
93.0736766279959
92.5844521068122
92.3180549651194
91.9949977974829
91.744800704609
91.5201168391003
90.8746892667514
90.3660636043639
90.1070637383808
89.7206376698493
89.4005304631423
88.6396687087487
88.3825381375048
87.9914688383038
87.3098329697802
87.0338528303296
86.4704214746229
86.0152248885987
85.5060652693315
85.1868894184234
84.8736761122542
84.3853400263549
84.0426989968613
83.7418006840378
83.3983318171011
83.1349687305013
82.467413442045
82.3136664589869
81.9251473881917
81.6256507413701
81.4862157704176
81.0152482485874
80.7473818833375
80.6142135108836
80.2140245782122
80.0271308896557
79.6709254277245
79.5982969842564
79.2743815600447
79.1176294772946
78.8356981602859
78.6457080534714
78.2377385992828
78.0052965825711
77.7347300475261
77.5392465642788
77.0638898331428
76.8620749230407
76.6339087213046
76.3524282949966
76.2378387176577
75.8010417250344
75.5405957301106
75.4292826734082
75.0291010010067
74.7129778551347
74.3473976850356
74.1134680699384
73.8821799168901
73.7970339270419
73.5611606368582
73.108386116033
72.8449915273734
72.5395048705833
72.1061783121531
71.9682081243
71.4807364848823
71.2592203605347
70.9973164147431
70.600125112188
70.4871601039539
69.9447850874564
69.7649384330175
69.5201805240789
69.0010022655417
68.7171400363017
68.3801451195596
68.055874870526
67.7745821158955
67.5274884138953
67.3441575578711
66.9423846588248
66.7124812527557
66.2223944071612
66.1439609415159
65.9347307644769
65.4997064638197
65.4750784806328
65.1561063044054
64.9056924529045
64.7438579816785
64.6098834852131
64.3201300083924
64.0706679584516
63.8726659126933
63.791816177343
63.4572441669845
63.328576790104
63.1253573022821
62.8719535652791
62.8301018263575
62.5464625909018
62.2296450776246
61.9551212276942
61.9693453198503
61.7833564978285
61.6180216945588
61.4341840275501
61.2132272595667
61.0659842897139
60.8800981592856
60.6334051790508
60.5672493138916
60.5110071160109
60.2606933713376
60.0996229339646
60.0181814752818
59.7478303214731
59.6350598636704
59.6233638919587
59.3669119669118
59.3186063195307
59.1624365788811
58.8739767863757
58.7797457023622
58.7710453387244
58.5635088436863
58.3616590117934
58.2730229353434
58.2718173222106
57.9843965888654
57.9034432800152
57.8327550390573
57.7846184164473
57.7214503023702
57.4615357285787
57.4582242127289
57.2933733885892
57.3626106858882
57.3028833910702
57.3492818368646
57.1691573598456
57.2933917246577
57.2896931471815
57.3022445912537
57.1859060494924
57.3953459394971
57.3658301005671
57.377064411987
57.3506221585878
57.4519222000478
57.565967922038
57.4574447736233
57.5100652375274
57.5244896129839
57.6460947773628
57.4960555422552
57.6130979179445
57.6769282054479
57.5707814506825
57.653383299318
57.6910732075383
57.6956177948803
57.7433271992707
57.7349955463737
57.7589021078109
57.7567040754574
57.6414672945183
57.734145611434
57.7911425275907
57.8280696122214
57.6601636976607
57.8272342818199
57.742905515414
57.71681545874
57.8054691774378
57.7710034426915
57.7277995846445
57.6996707215906
57.7106683011504
57.7872392991374
57.7883068379641
57.8194077136013
57.6790246252327
57.6948616626309
57.8288061440997
57.8171446580082
57.6493289944316
57.6427597512139
57.5850830540778
57.7173594866962
57.643604675034
57.6969989438523
57.5084736343361
57.6322578358898
57.5824191641172
57.4866970519942
57.4606890035451
57.3398285615148
57.3664421828511
57.2768805237891
57.2843444556973
57.2200808676736
57.123726763252
57.1662982737892
57.1752442904834
57.1090860576898
57.2037879361043
57.1912563558027
57.0933955427735
57.1153280992431
57.1431320525944
57.0240159268682
57.177238271722
57.1893752323645
57.1099028059223
57.12713306709
57.1561912129502
57.2107515255885
57.2752998655627
57.313203408981
57.2639327410477
57.2641122643351
57.3672198227751
57.3710572840461
57.3543532072975
57.409094668481
57.4918850437511
57.5989116447959
57.5972455596342
57.6966363551432
57.7928733956797
57.7488148323089
57.8971722276444
57.8734541450438
57.988626498267
58.1199282883684
58.2382725753533
58.1726178491696
58.4139273648243
58.451807114647
58.5580320242491
58.6280447900627
58.8055976519081
58.8745238537231
59.0722304177663
59.3013413633171
59.3814610506755
59.5999875602606
59.7506851941307
59.9197169988239
60.4577524283419
60.6331122135093
60.9171989131168
61.2324229554721
61.3656534315605
61.7677770944917
62.0405867184189
62.2161460093265
62.431839346713
62.6651811411365
63.0685801083507
63.2515213768107
63.5123715198451
63.9686715077592
64.0760113160191
64.4086803274179
64.7477348898121
65.0496189603705
65.2414238682935
65.4840979613685
65.6918590423076
65.9461456568395
66.0627891140244
66.1233679307445
66.2891118145486
66.6931020166776
66.8306589120668
67.0441419767618
67.2871652516698
67.4692822078857
67.6040347582313
67.8464946194714
68.0016149996056
68.2664447479314
68.4439943632472
68.7671853488349
68.8756661664246
68.9803102031958
69.1698614082807
69.3081710678254
69.6736893358062
69.7565705923796
69.8669833383252
70.147270324077
70.1401321504666
70.3823821480317
70.461063401973
70.6494029417983
70.7051578128457
70.8114893909458
71.0468109137406
71.229931710111
71.2535456513776
71.3786492044975
71.6213913463105
71.7307548803088
71.8993919112491
71.962270359301
72.135335602064
72.3060420096367
72.3765760429475
72.6209797120498
72.6986948705017
72.7325900017417
73.0130205986992
73.1858847972327
73.2943889557651
73.3206083830735
73.4634496894409
73.7132080220283
73.9946540151771
73.980468682886
74.2472150419757
74.3899717990024
74.3826797714019
74.7059434851255
74.8630058512387
75.0180863197146
75.058916378953
75.1621170495878
75.3314409059965
75.3595217996984
75.4019304145739
75.480245856538
75.4778372468939
75.7134476153717
75.7189428027884
75.8148323839271
75.9276054624223
76.025524490224
75.9804441464079
76.0719318731176
76.2719787178146
76.2249483239779
76.431538090901
76.404285034167
76.5940932277832
76.6097640344677
76.6870824681639
76.6655888845724
76.8345024098254
76.9360821714997
76.9255708581216
76.9769837838006
77.0365039789108
77.1894281433667
77.2602711747641
77.2941906736087
77.4067649069683
77.4038372724904
77.498106638917
77.6680195594121
77.5858935616195
77.8632379847296
77.8587727810893
77.9869265894158
78.0388647448634
78.2858273987279
78.2480713328873
78.4171781106912
78.5348208523949
78.6259488788222
78.7800310064271
78.7519317953326
78.9876688256434
79.2569126587535
79.3967109650774
79.511431196472
79.5744403740573
79.6837720159536
80.0299611956725
80.0523634943875
80.3121189369806
80.5927432760812
80.6488301896362
80.8498644955259
81.0783678085182
81.1549224334661
81.2969326805226
81.3798936603423
81.7066150332605
81.9292685459346
82.0983043728439
82.1722891358911
82.2259335557715
82.4675816273808
82.5191996572188
82.7097932655404
82.8816082601934
83.0235434232564
83.0927086579568
83.1948147132201
83.2699310403945
83.4553508683626
83.4759824788066
83.6574686005836
83.6870203821519
83.6519944353107
83.7074344881351
83.7607542725429
84.0539372772108
84.1046473813003
84.1821008988873
84.2696226460436
84.3392411160462
84.4268616583452
84.5458888754497
84.6978324756405
84.6225557070542
84.7947666067543
84.9268554653122
85.089675175993
85.0656082085276
85.3027333626163
85.424395898378
85.5823033446877
85.754892176673
85.8615048945258
85.9116059221541
85.9976585811421
86.3837348533902
86.3940870306213
86.695399193136
86.7376127899918
86.8925617718195
87.1534966647795
87.3428486949929
87.7019637590178
87.7851854681295
88.1735683631927
88.4967911173366
88.5614574715199
89.0265052111399
89.0327365775767
89.3540720933919
89.7157595557809
90.0521948506794
90.3047245803797
90.6634740890063
90.8381784270181
91.1636283336713
91.4538492958618
91.5963962078478
92.0956499725484
92.1254539255684
92.518718060725
92.6207037451838
93.0459929877999
93.0663768956439
93.373904380489
93.5049426852204
93.6957560640396
93.6608359217871
93.9035692070192
93.9835632730242
94.1501751399354
94.1802180075088
94.151983885451
94.2702971648477
94.3156769435646
94.6133348090398
94.5374952182649
94.6580046455339
94.8214225686606
94.8173145508334
95.1219345156798
95.1789829050559
95.1117764655202
95.4290965030691
95.3424855240548
95.5225985653885
95.6124020851582
95.8103751253208
95.7225432267053
95.9630182514044
95.9811271256611
96.0800836613699
96.2172021913114
96.2509884612312
96.4242300793252
96.5029622907411
96.6229176522727
96.6093933942349
96.7862276603957
96.8550240701902
96.92712316337
97.0833660785011
97.1366278708317
97.0991329656298
97.2415007933209
97.4032296723637
97.4317888118984
97.6272861368868
97.7242425195517
97.8227669447345
98.0814497115507
98.1467577392617
98.1371282560506
98.2296234094302
98.440105314846
98.5107462069478
98.7120904566905
98.7233729713901
98.823590434059
99.0318962147526
99.1612036742899
99.1457875517561
99.2074547590506
99.3569983345654
99.4615751348827
99.6469815340085
99.684597063165
99.7040679659592
99.7535604040128
99.96100475202
100.073787982297
100.157054060247
100.251774643753
100.300029516576
100.308148751863
100.39239458734
100.54176076271
100.736696978915
100.81002224882
100.92943337623
101.06957687445
101.11737188821
101.201644390343
101.244694247681
101.465477493473
101.55532341506
101.727110240409
101.84960980996
101.898413765592
101.92511660146
102.301689838642
102.33695791535
102.460639502322
102.716933082098
102.682548651472
102.991362039595
103.091874589986
103.118668705165
103.28475826376
103.393073061393
103.606273048692
103.876478643411
103.882735467175
104.077943305201
104.169347181458
104.576422329207
104.566847448977
104.924176926948
104.970512405698
105.136158650617
105.523532070388
105.607098077432
105.871889931226
106.135277117892
106.248477412387
106.534217254228
106.759979761421
107.029802705693
107.120578931672
107.336219247793
107.688376439205
107.930082198216
108.188137472016
108.395369610425
108.63433941506
108.86355007093
109.085391816208
109.332162345511
109.442803920947
109.490248923468
109.854938769267
110.106431356012
110.13959810395
110.33213664697
110.31489002132
110.805000649188
110.775743684308
111.037196801118
111.156703724756
111.191067583865
111.352618916352
111.616501548388
111.669004847401
111.709875164674
111.851401761135
111.994872501604
112.136429087063
112.218626937413
112.196664078476
112.272659931678
112.556406292729
112.48614510606
112.615888994485
112.725776268043
112.723555456229
112.796911506071
112.770313463323
112.945031200535
113.046174837413
112.967314937055
113.074985292491
113.083227929309
113.1744787008
113.101251096975
113.282127467814
113.190494046192
113.312412136422
113.261347493782
113.247396772831
113.356292442756
113.314349257735
113.30313013507
113.327347134703
113.358361662319
113.483013397036
113.349384116506
113.480408769817
113.399394932765
113.507457479157
113.432071933448
113.365875182043
113.390465871931
113.362142763632
113.479996214326
113.331924438674
113.445707739256
113.3739024727
113.278615568086
113.261317341488
113.160309197181
113.07650841437
113.091760736021
112.959945496352
112.939118950101
112.99189620491
112.701928735227
112.791870877586
112.687998038348
112.573631936682
112.364757937943
112.29942822252
112.098433323521
112.034403516111
111.827909436151
111.629053542259
111.37401828117
111.152955210438
110.944575899119
110.870725198725
110.626351471349
110.383976695547
110.263055731803
109.98389723476
109.746536214
109.729922247266
109.328200764413
109.205487535988
109.102013255123
108.880358974316
108.664073085306
108.298730990674
108.027504132125
107.895266202174
107.532889153035
107.482133431788
107.043062462701
106.902779651729
106.670517750066
106.552314644771
106.218320134679
105.982499520861
105.689833232723
105.458916637215
105.292791371708
105.162561637921
104.865764025741
104.689947231405
104.572369598019
104.454424664801
104.390111137743
104.123924928527
104.198004652807
103.974215941746
103.975218089933
103.926884519471
103.66970169311
103.494172149029
103.451697952951
103.382456488027
103.213532182125
103.011868458654
102.820129559258
102.59154528374
102.574362790883
102.489608816405
102.109842914534
101.936365242764
101.892219878958
101.813391460706
101.482454995659
101.341572468444
101.021039398752
100.815839607012
100.851007005723
100.757883846126
100.373138164114
100.267261340776
100.060637680491
99.8925226440669
99.8006171784355
99.6498927983056
99.4630832250193
99.4412204881938
99.2386609795871
98.9520717056927
98.9150405840729
98.803477906312
98.6014003082307
98.5439593749759
98.3481767885075
98.0592921488922
97.997776712878
97.8606596745642
97.6989933170738
97.6826704804301
97.4778429356396
97.2097533216757
97.0102482372837
96.9792630952894
96.8628822576258
96.69740859297
96.5025952200478
96.5393793463828
96.3390406639546
96.1753674300627
95.9999911121539
95.8586526901058
95.6939944760637
95.3975373431751
95.379773904604
95.1671156861208
94.9481052389001
94.7551513706305
94.5972290407898
94.3286372970077
94.0306467671291
93.8886842760578
93.603321868833
93.3906243886904
93.0304038927799
92.7402297959857
92.6033718514679
92.1794017417074
91.9461706914585
91.8958380443438
91.4012651749818
91.3391958776803
90.9753984607192
90.8344220732169
90.4696156609184
90.2900830037018
90.1069999418168
89.8198368449447
89.593137425549
89.3866500288262
89.0460363928655
88.9434123993509
88.7987423266515
88.6652036482585
88.6634400060988
88.3867899397489
88.2238081829731
88.1479522872865
88.1471769454613
88.1077051875098
87.9605729425191
87.9168122990829
87.9126868257919
88.0258971899137
88.041855979756
87.9436883390764
88.0344714798065
88.1543486664391
88.1748177243865
88.0947805271186
88.3413810542737
88.4725249954562
88.5372458641052
88.5614618101742
88.6743975603929
88.8262709325922
88.8186839152017
89.0130279912173
89.1156190399255
89.1889594609111
89.439067055164
89.5844512951468
89.7601327103063
89.8837955309744
90.1240672603208
90.2220014550571
90.3784881432567
90.6756853714359
90.917287522094
90.9101050965862
91.3164561152806
91.2867163559125
91.5225253571423
91.7056979504147
91.7274578476172
91.9470527480696
92.0664205743336
92.2346566992323
92.3224774902544
92.5594712377847
92.666171553868
92.8747683832554
93.0251629308003
93.1248572994152
93.0585480620115
93.3625614207095
93.3197610195294
93.4775576136755
93.4917643455099
93.5692192001965
93.7284910183962
93.9662381282446
93.9611475924315
94.0748132328182
94.0410312416967
94.2716603005552
94.3971707962178
94.4556204745096
94.4391836198915
94.5001073202872
94.7090022807382
94.5755170459751
94.7518998482633
94.7823678725864
94.9202914484758
94.9113451473928
94.9093278501109
95.0306674856454
95.1257627957681
95.1297661864227
95.2063735282592
95.2250724188151
95.460414871554
95.5128822214968
95.4170590376904
95.5500558918368
95.7216481970525
95.7324901397233
95.9756264734178
96.0068774874943
96.0614510261659
96.2681878134558
96.293802806654
96.4838210668473
96.5388098825858
96.6907593508744
96.958632669492
97.0800488752646
97.2120060149244
97.3156292411294
97.5105989174073
97.5698324463177
97.8208898023886
97.9350211444724
98.145497681159
98.421108531016
98.6085145565009
98.8166002542183
99.101068351828
99.2632826844366
99.5186404717962
99.6973012818793
100.087620299351
100.234329720962
